CASE,MAIN,SUB
1,1,0
2,2,1
3,1,1
4,1,0
5,2,0
6,1,0
7,1,0
8,1,0
9,2,0
10,3,1
11,1,0
12,1,0
13,2,0
14,2,1
15,2,0
16,2,0
17,2,0
18,2,0
19,1,1
20,2,0
21,2,0
22,1,0
23,1,1
24,2,0
25,2,0
26,1,0
27,1,0
28,2,0
29,1,0
30,1,1
31,1,1
32,1,1
33,1,1
34,0,1
35,0,1
36,0,1
37,1,1
38,1,0
39,1,1
40,1,1
41,2,0
42,1,0
43,1,0
44,1,0
45,1,3
46,0,1
47,1,0
48,1,0
49,1,0
50,1,1
51,2,0
52,1,0
53,0,1
54,1,0
55,1,0
56,1,1
57,1,3
58,1,0
59,1,1
60,1,0
61,1,0
62,0,0
63,2,0
64,1,0
65,2,0
66,2,0
67,2,0
68,1,0
69,2,1
70,1,1
71,3,0
72,2,0
73,1,0
74,1,0
75,1,0
76,1,0
77,1,0
78,1,1
79,2,0
80,1,0
81,1,3
82,1,1
83,1,1
84,1,0
85,1,0
86,1,1
87,1,1
88,1,0
89,1,1
90,1,0
91,1,0
92,2,0
93,2,0
94,1,0
95,1,1
96,1,1
97,2,0
98,2,0
99,1,0
100,1,0
101,1,0
102,2,0
103,1,0
104,2,2
105,1,1
106,4,2
107,1,0
108,3,0
109,1,0
110,2,0
111,2,1
112,2,0
113,2,0
114,2,0
115,1,1
116,1,0
117,2,0
118,1,0
119,1,2
120,2,0
121,2,0
122,4,0
123,1,2
124,1,2
125,2,0
126,3,0
127,2,2
128,1,0
129,1,0
130,1,0
131,1,0
132,1,0
133,1,1
134,1,0
135,3,0
136,1,1
137,1,1
138,1,0
139,2,0
140,1,0
141,1,0
142,1,2
143,1,0
144,1,0
145,1,0
146,3,0
147,1,0
148,1,0
149,1,0
150,1,0
151,1,0
152,1,0
153,4,0
154,1,1
155,1,0
156,2,0
157,1,0
158,1,0
159,1,1
160,1,1
161,1,2
162,1,1
163,1,1
164,2,0
165,1,1
166,1,1
167,0,1
168,1,1
169,1,1
170,1,0
171,1,1
172,2,0
173,2,0
174,2,0
175,1,1
176,1,0
177,1,1
178,2,1
179,2,1
180,2,0
181,1,0
182,1,1
183,1,0
184,1,0
185,2,2
186,0,2
187,1,1
188,1,0
189,1,0
190,1,0
191,3,0
192,2,3
193,1,0
194,1,0
195,1,0
196,1,1
197,1,1
198,2,0
199,1,0
200,1,1
201,1,0
202,1,0
203,1,0
204,1,0
205,1,0
206,1,0
207,1,0
208,3,0
209,1,0
210,2,0
211,1,1
212,1,0
213,1,0
214,1,1
215,1,0
216,1,0
217,2,0
218,1,0
219,1,0
220,2,0
221,1,0
222,1,0
223,1,0
224,2,0
225,1,0
226,3,0
227,1,0
228,1,1
229,2,0
230,1,1
231,1,0
232,1,1
233,1,1
234,1,2
235,1,2
236,1,0
237,1,0
238,2,2
239,1,0
240,1,1
241,1,0
242,1,0
243,2,0
244,2,0
245,1,0
246,1,1
247,1,0
248,1,1
249,1,0
250,1,0
251,1,0
252,3,0
253,1,1
254,2,0
255,1,0
256,1,1
257,2,0
258,1,1
259,2,1
260,1,1
261,1,0
262,1,2
263,2,0
264,1,0
265,1,0
266,1,0
267,1,0
268,3,0
269,1,0
270,1,0
271,1,0
272,1,0
273,1,0
274,1,0
275,2,0
276,3,0
277,1,0
278,1,0
279,2,2
280,2,0
281,1,0
282,1,1
283,2,0
284,2,0
285,3,1
286,1,0
287,1,1
288,2,0
289,1,0
290,1,1
291,1,0
292,1,0
293,1,0
294,1,0
295,1,0
296,1,2
297,2,1
298,2,1
299,1,1
300,1,0
301,1,1
302,1,0
303,1,1
304,1,0
305,1,0
306,1,0
307,1,0
308,1,0
309,1,0
310,1,1
311,1,2
312,1,1
313,1,1
314,2,0
315,0,1
316,1,0
317,1,0
318,1,0
319,1,1
320,2,1
321,2,0
322,1,1
323,1,1
324,2,0
325,1,1
326,1,0
327,1,0
328,3,1
329,1,0
330,1,0
331,1,1
332,1,0
333,1,1
334,1,0
335,1,1
336,0,1
337,1,0
338,1,0
339,2,4
340,1,0
341,1,0
342,1,0
343,1,1
344,1,0
345,1,0
346,2,0
347,1,0
348,0,0
349,2,0
350,1,0
351,2,0
352,1,0
353,2,0
354,1,0
355,1,0
356,1,0
357,1,0
358,1,0
359,1,0
360,1,1
361,0,0
362,1,1
363,1,2
364,3,2
365,3,0
366,1,0
367,2,0
368,1,0
369,3,0
370,1,0
371,1,0
372,2,1
373,2,0
374,1,0
375,1,0
376,1,0
377,1,0
378,1,0
379,1,0
380,1,0
381,1,1
382,1,0
383,1,0
384,1,1
385,1,0
386,1,0
387,2,0
388,1,1
389,1,0
390,2,1
391,0,0
392,2,0
393,2,0
394,1,1
395,2,0
396,1,0
397,1,0
398,1,0
399,2,0
400,2,0
401,1,0
402,1,0
403,2,0
404,1,0
405,1,0
406,2,0
407,1,1
408,2,0
409,1,0
410,1,1
411,2,0
412,2,0
413,1,0
414,1,0
415,1,0
416,1,0
417,1,0
418,1,0
419,1,0
420,1,0
421,1,0
422,0,1
423,1,0
424,2,1
425,1,0
426,2,0
427,2,0
428,1,1
429,1,0
430,2,0
431,1,0
432,0,2
433,2,0
434,2,0
435,1,0
436,1,1
437,4,2
438,2,0
439,1,0
440,2,0
441,2,0
442,1,0
443,2,0
444,1,0
445,2,0
446,1,2
447,1,0
448,2,0
449,1,0
450,1,0
451,2,0
452,2,0
453,1,1
454,1,0
455,3,1
456,2,0
457,1,0
458,1,0
459,1,0
460,2,0
461,2,0
462,2,0
463,1,0
464,1,1
465,2,0
466,1,1
467,1,2
468,1,0
469,2,0
470,1,0
471,4,0
472,2,0
473,2,0
474,1,1
475,1,1
476,2,0
477,2,2
478,1,0
479,1,2
480,1,1
481,2,2
482,2,1
483,3,0
484,2,0
485,1,0
486,3,0
487,1,0
488,2,0
489,2,0
490,1,0
491,2,1
492,3,0
493,1,0
494,1,0
495,1,0
496,1,0
497,1,0
498,2,0
499,1,0
500,2,0
501,2,0
502,2,0
503,3,0
504,3,0
505,2,0
506,2,0
507,1,0
508,1,0
509,1,0
510,1,0
511,1,0
512,0,2
513,1,0
514,1,0
515,1,0
516,2,0
517,1,0
518,1,0
519,1,0
520,4,1
521,1,0
522,2,0
523,1,0
524,2,0
525,4,0
526,1,0
527,2,1
528,2,0
529,2,0
530,3,0
531,3,0
532,1,0
533,2,0
534,1,0
535,1,0
536,1,0
537,1,0
538,2,0
539,1,0
540,2,0
541,1,0
542,1,0
543,2,1
544,1,0
545,0,0
546,3,1
547,1,0
548,1,0
549,1,0
550,1,0
551,2,0
552,1,0
553,1,2
554,1,1
555,1,0
556,1,0
557,1,1
558,1,1
559,1,0
560,1,0
561,1,1
562,2,0
563,1,1
564,1,1
565,2,0
566,2,1
567,3,1
568,1,1
569,1,1
570,1,0
571,1,0
572,2,0
573,1,1
574,1,0
575,1,0
576,1,1
577,2,0
578,4,0
579,1,0
580,1,0
581,1,0
582,1,0
583,3,0
584,2,0
585,3,0
586,3,0
587,1,0
588,2,0
589,3,0
590,1,0
591,1,0
592,1,1
593,1,0
594,1,1
595,3,0
596,2,2
597,2,0
598,1,0
599,1,1
600,1,2
601,1,0
602,1,0
603,2,1
604,1,0
605,1,0
606,2,0
607,1,1
608,1,0
609,2,0
610,3,0
611,2,0
612,1,0
613,1,2
614,1,0
615,1,0
616,2,0
617,1,0
618,3,0
619,1,0
620,2,0
621,2,0
622,1,0
623,1,0
624,1,0
625,5,1
626,2,1
627,1,1
628,4,0
629,4,0
630,1,1
631,2,0
632,1,0
633,1,0
634,1,1
635,2,0
636,2,1
637,1,0
638,2,1
639,4,0
640,1,2
641,2,1
642,8,0
643,1,0
644,1,1
645,2,1
646,1,0
647,1,0
648,1,0
649,1,1
650,1,0
651,1,0
652,2,2
653,1,0
654,2,0
655,2,0
656,1,0
657,1,0
658,1,0
659,1,3
660,4,4
661,2,0
662,4,0
663,5,1
664,2,0
665,5,0
666,2,0
667,1,0
668,1,1
669,1,0
670,1,0
671,4,0
672,0,2
673,1,0
674,1,1
675,1,0
676,1,0
677,1,0
678,2,0
679,2,0
680,1,1
681,2,1
682,2,0
683,2,1
684,2,1
685,3,1
686,3,0
687,1,0
688,1,0
689,1,1
690,1,1
691,2,0
692,0,1
693,2,0
694,1,1
695,2,0
696,2,0
697,2,1
698,3,0
699,2,0
700,2,0
701,2,0
702,2,0
703,2,0
704,1,0
705,3,1
706,4,0
707,3,0
708,1,0
709,2,0
710,1,0
711,4,1
712,3,4
713,1,1
714,1,0
715,2,0
716,1,0
717,1,1
718,2,0
719,2,0
720,1,0
721,1,0
722,1,0
723,1,0
724,0,0
725,0,1
726,1,1
727,2,1
728,1,0
729,1,0
730,2,0
731,3,0
732,2,0
733,1,0
734,1,0
735,2,0
736,3,0
737,0,2
738,3,0
739,4,0
740,2,1
741,0,1
742,1,0
743,4,0
744,3,1
745,1,0
746,1,0
747,4,0
748,1,0
749,3,0
750,1,0
751,2,1
752,1,0
753,1,1
754,3,1
755,1,0
756,2,0
757,1,0
758,1,0
759,4,0
760,1,0
761,1,0
762,1,4
763,3,0
764,1,2
765,1,0
766,2,0
767,4,1
768,1,1
769,1,0
770,1,0
771,1,1
772,2,0
773,1,2
774,5,1
775,2,0
776,1,0
777,2,1
778,1,0
779,1,0
780,1,0
781,2,0
782,1,0
783,1,1
784,3,1
785,1,0
786,3,0
787,1,1
788,1,0
789,1,0
790,2,1
791,3,0
792,4,1
793,1,1
794,2,1
795,2,0
796,4,0
797,1,0
798,5,1
799,1,0
800,0,0
801,1,0
802,2,0
803,1,0
804,4,1
805,2,0
806,1,0
807,3,0
808,2,0
809,1,1
810,3,1
811,1,0
812,1,1
813,3,0
814,2,1
815,2,2
816,3,0
817,2,1
818,1,1
819,2,0
820,1,0
821,1,1
822,1,0
823,2,1
824,1,0
825,3,1
826,2,2
827,1,1
828,2,0
829,1,0
830,1,0
831,2,0
832,3,1
833,3,1
834,3,0
835,5,0
836,1,0
837,2,2
838,3,1
839,1,0
840,1,0
841,2,1
842,6,0
843,1,0
844,3,1
845,3,0
846,1,0
847,4,0
848,3,0
849,2,1
850,1,0
851,2,1
852,3,1
853,3,1
854,2,1
855,1,0
856,1,1
857,2,1
858,4,0
859,1,0
860,1,0
861,0,2
862,1,1
863,1,0
864,2,0
865,1,0
866,2,0
867,1,0
868,2,0
869,1,0
870,1,0
871,2,0
872,1,0
873,1,0
874,2,0
875,1,0
876,1,0
877,2,1
878,1,0
879,1,3
880,1,0
881,2,0
882,2,1
883,2,0
884,1,2
885,1,0
886,2,0
887,1,1
888,1,0
889,2,1
890,2,1
891,1,2
892,2,0
893,1,0
894,2,0
895,1,0
896,1,0
897,1,0
898,2,1
899,1,0
900,2,1
901,3,0
902,1,0
903,1,0
904,1,0
905,1,1
906,1,1
907,1,1
908,1,1
909,1,1
910,1,0
911,2,0
912,1,1
913,1,0
914,1,0
915,3,0
916,1,1
917,1,0
918,2,0
919,1,0
920,1,0
921,0,1
922,0,1
923,1,2
924,2,0
925,1,1
926,2,0
927,1,0
928,1,0
929,2,0
930,1,0
931,2,1
932,1,0
933,1,0
934,1,2
935,1,0
936,1,0
937,1,0
938,1,0
939,1,1
940,1,0
941,1,0
942,2,0
943,2,2
944,2,0
945,1,1
946,2,1
947,1,0
948,1,0
949,2,2
950,1,0
951,2,1
952,2,1
953,1,0
954,1,0
955,0,0
956,1,2
957,1,0
958,2,1
959,1,0
960,1,0
961,1,1
962,1,1
963,1,0
964,1,1
965,1,0
966,1,1
967,1,1
968,1,0
969,1,0
970,1,0
971,1,0
972,1,0
973,1,0
974,1,0
975,1,0
976,1,1
977,1,0
978,2,0
979,1,0
980,1,1
981,1,1
982,1,0
983,1,0
984,2,0
985,1,1
986,1,0
987,2,1
988,1,0
989,1,0
990,2,0
991,1,0
992,1,0
993,1,2
994,2,0
995,1,0
996,1,1
997,1,2
998,1,1
999,1,0
1000,2,1
1001,2,0
1002,1,0
1003,1,1
1004,1,1
1005,1,1
1006,2,1
1007,1,0
1008,1,1
1009,1,0
1010,1,0
1011,1,1
1012,1,1
1013,3,0
1014,1,0
1015,2,1
1016,1,2
1017,1,0
1018,1,0
1019,2,0
1020,1,2
1021,2,1
1022,1,0
1023,1,1
1024,1,1
1025,2,0
1026,1,1
1027,1,0
1028,2,1
1029,1,0
1030,1,1
1031,2,0
1032,1,1
1033,1,1
1034,1,0
1035,1,0
1036,1,0
1037,1,1
1038,1,0
1039,1,2
1040,1,0
1041,1,1
1042,2,0
1043,1,1
1044,1,0
1045,1,0
1046,2,2
1047,1,1
1048,1,0
1049,1,0
1050,1,1
1051,2,1
1052,1,1
1053,1,1
1054,2,0
1055,1,1
1056,2,1
1057,1,1
1058,2,0
1059,2,1
1060,1,0
1061,1,1
1062,2,1
1063,2,0
1064,1,1
1065,1,0
1066,1,0
1067,1,0
1068,1,2
1069,2,0
1070,2,0
1071,1,0
1072,1,1
1073,2,1
1074,1,1
1075,1,0
1076,1,0
1077,1,0
1078,1,0
1079,1,0
1080,1,1
1081,1,2
1082,1,0
1083,1,4
1084,1,2
1085,1,0
1086,1,0
1087,2,1
1088,1,0
1089,2,0
1090,1,0
1091,2,0
1092,1,1
1093,1,1
1094,1,0
1095,2,0
1096,1,1
1097,2,0
1098,1,1
1099,1,0
1100,2,0
1101,1,1
1102,1,0
1103,1,2
1104,1,0
1105,1,0
1106,1,0
1107,1,0
1108,1,0
1109,1,0
1110,2,0
1111,1,2
1112,1,0
1113,2,0
1114,1,1
1115,1,1
1116,1,1
1117,1,0
1118,1,0
1119,0,0
1120,2,0
1121,1,1
1122,1,0
1123,1,1
1124,1,0
1125,0,1
1126,2,0
1127,1,0
1128,2,0
1129,1,1
1130,0,0
1131,1,0
1132,1,0
1133,1,0
1134,2,0
1135,1,0
1136,1,0
1137,1,2
1138,1,0
1139,2,1
1140,1,0
1141,1,2
1142,1,2
1143,2,0
1144,1,0
1145,1,0
1146,2,0
1147,1,0
1148,4,0
1149,0,1
1150,2,0
1151,2,0
1152,1,0
1153,1,0
1154,2,1
1155,1,0
1156,1,0
1157,1,0
1158,2,0
1159,1,0
1160,1,0
1161,2,0
1162,3,0
1163,2,0
1164,1,1
1165,1,0
1166,1,0
1167,1,1
1168,2,1
1169,2,0
1170,1,0
1171,1,1
1172,2,0
1173,1,0
1174,2,1
1175,1,3
1176,1,0
1177,2,0
1178,0,2
1179,1,1
1180,1,1
1181,1,2
1182,1,3
1183,2,1
1184,1,0
1185,1,0
1186,1,0
1187,2,2
1188,1,1
1189,1,1
1190,1,0
1191,1,3
1192,1,1
1193,1,1
1194,1,1
1195,2,1
1196,2,1
1197,2,3
1198,1,1
1199,1,0
1200,1,0
1201,1,0
1202,0,1
1203,1,0
1204,0,1
1205,1,2
1206,1,0
1207,1,1
1208,1,0
1209,1,1
1210,0,0
1211,1,1
1212,1,1
1213,1,0
1214,1,0
1215,1,0
1216,2,0
1217,1,2
1218,1,0
1219,1,0
1220,2,1
1221,4,0
1222,2,0
1223,1,0
1224,1,0
1225,1,0
1226,1,0
1227,2,0
1228,1,0
1229,1,0
1230,1,0
1231,1,0
1232,0,0
1233,2,0
1234,1,0
1235,2,1
1236,1,0
1237,1,1
1238,1,0
1239,3,0
1240,1,0
1241,2,0
1242,1,0
1243,1,0
1244,2,0
1245,1,0
1246,2,1
1247,1,0
1248,2,0
1249,1,0
1250,1,0
1251,1,0
1252,2,0
1253,1,0
1254,2,0
1255,1,1
1256,1,0
1257,1,0
1258,1,0
1259,1,0
1260,1,2
1261,1,0
1262,1,1
1263,1,0
1264,1,1
1265,2,0
1266,1,0
1267,1,0
1268,1,0
1269,1,1
1270,1,0
1271,1,0
1272,0,1
1273,1,0
1274,1,0
1275,1,0
1276,1,0
1277,1,1
1278,1,0
1279,1,0
1280,1,1
1281,1,3
1282,1,1
1283,1,0
1284,1,0
1285,1,0
1286,1,0
1287,2,1
1288,2,0
1289,1,0
1290,1,1
1291,1,0
1292,2,0
1293,1,1
1294,1,0
1295,2,0
1296,0,0
1297,2,1
1298,1,0
1299,2,0
1300,0,1
1301,0,1
1302,2,0
1303,1,4
1304,2,0
1305,2,0
1306,0,0
1307,1,0
1308,1,0
1309,1,1
1310,1,0
1311,1,1
1312,1,1
1313,1,1
1314,1,1
1315,2,0
1316,1,0
1317,2,2
1318,1,2
1319,1,0
1320,2,0
1321,2,0
1322,1,1
1323,1,0
1324,1,2
1325,1,1
1326,2,0
1327,1,0
1328,0,3
1329,2,0
1330,2,0
1331,1,1
1332,1,0
1333,1,0
1334,1,1
1335,1,0
1336,2,2
1337,1,0
1338,1,0
1339,1,1
1340,2,0
1341,1,1
1342,1,1
1343,1,0
1344,1,0
1345,1,0
1346,1,0
1347,1,1
1348,2,1
1349,2,2
1350,1,0
1351,1,0
1352,1,0
1353,1,2
1354,1,0
1355,1,1
1356,2,1
1357,1,2
1358,1,0
1359,2,1
1360,1,0
1361,2,0
1362,1,0
1363,1,0
1364,1,1
1365,1,2
1366,1,1
1367,1,0
1368,2,0
1369,1,0
1370,1,0
1371,1,1
1372,1,1
1373,1,0
1374,1,0
1375,1,1
1376,1,0
1377,1,2
1378,1,1
1379,1,0
1380,1,0
1381,1,0
1382,1,0
1383,1,0
1384,1,1
1385,1,0
1386,1,0
1387,1,1
1388,1,1
1389,1,1
1390,1,0
1391,1,1
1392,2,0
1393,1,0
1394,1,0
1395,5,0
1396,1,1
1397,1,0
1398,0,1
1399,2,0
1400,1,0
1401,1,0
1402,1,1
1403,1,0
1404,1,1
1405,0,1
1406,1,0
1407,2,0
1408,2,0
1409,2,1
1410,1,0
1411,6,0
1412,1,1
1413,1,1
1414,2,1
1415,1,0
1416,1,0
1417,1,0
1418,1,0
1419,3,0
1420,1,1
1421,2,1
1422,0,2
1423,0,2
1424,1,1
1425,1,0
1426,2,1
1427,1,1
1428,1,1
1429,1,1
1430,1,1
1431,1,1
1432,1,0
1433,1,0
1434,1,0
1435,2,0
1436,2,0
1437,1,0
1438,1,0
1439,1,0
1440,1,0
1441,1,2
1442,1,2
1443,1,0
1444,1,1
1445,2,0
1446,1,0
1447,1,0
1448,1,0
1449,3,0
1450,1,0
1451,1,0
1452,1,0
1453,1,2
1454,1,2
1455,0,2
1456,2,0
1457,1,3
1458,1,0
1459,1,0
1460,2,1
1461,0,0
1462,2,0
1463,1,0
1464,1,1
1465,1,0
1466,3,1
1467,1,0
1468,1,0
1469,1,0
1470,1,0
1471,2,0
1472,1,0
1473,1,0
1474,1,1
1475,1,0
1476,4,0
1477,1,1
1478,1,0
1479,2,1
1480,1,0
1481,2,1
1482,1,1
1483,1,0
1484,1,1
1485,3,1
1486,1,0
1487,1,1
1488,1,0
1489,1,0
1490,4,0
1491,2,0
1492,1,0
1493,1,0
1494,1,0
1495,1,0
1496,1,0
1497,2,0
1498,1,0
1499,1,1
1500,2,0
1501,1,1
1502,1,0
1503,2,0
1504,2,0
1505,1,0
1506,5,0
1507,1,0
1508,2,0
1509,0,0
1510,1,0
1511,3,0
1512,2,0
1513,1,0
1514,1,2
1515,1,0
1516,1,0
1517,1,1
1518,3,1
1519,2,0
1520,2,0
1521,1,0
1522,3,0
1523,1,2
1524,1,0
1525,2,1
1526,1,0
1527,1,1
1528,2,1
1529,3,0
1530,3,0
1531,4,0
1532,1,1
1533,0,1
1534,0,1
1535,1,2
1536,0,0
1537,0,2
1538,0,1
1539,2,0
1540,0,0
1541,1,0
1542,0,1
1543,1,0
1544,2,1
1545,1,0
1546,1,0
1547,1,2
1548,2,3
1549,1,1
1550,1,0
1551,1,2
1552,0,1
1553,3,1
1554,1,0
1555,1,0
1556,1,1
1557,1,0
1558,1,0
1559,1,0
1560,1,0
1561,1,0
1562,1,0
1563,1,1
1564,3,0
1565,1,0
1566,3,0
1567,3,0
1568,2,0
1569,1,0
1570,4,0
1571,2,0
1572,3,0
1573,1,2
1574,0,0
1575,1,0
1576,1,1
1577,2,0
1578,3,1
1579,1,0
1580,1,0
1581,1,0
1582,0,0
1583,0,1
1584,0,1
1585,3,0
1586,2,3
1587,1,2
1588,1,1
1589,1,0
1590,0,1
1591,2,1
1592,3,1
1593,1,0
1594,2,0
1595,1,0
1596,1,0
1597,2,1
1598,1,1
1599,1,0
1600,1,0
1601,1,0
1602,2,0
1603,3,0
1604,1,1
1605,1,0
1606,2,0
1607,1,0
1608,1,3
1609,2,3
1610,5,2
1611,1,0
1612,1,0
1613,1,1
1614,0,0
1615,2,0
1616,1,0
1617,0,0
1618,2,0
1619,3,0
1620,1,1
1621,1,1
1622,1,1
1623,0,1
1624,1,0
1625,1,3
1626,1,0
1627,0,0
1628,4,1
1629,2,0
1630,0,0
1631,2,1
1632,1,1
1633,2,0
1634,2,1
1635,1,0
1636,1,2
1637,1,3
1638,2,1
1639,0,1
1640,0,1
1641,2,0
1642,4,1
1643,1,0
1644,2,0
1645,1,0
1646,1,0
1647,1,0
1648,0,0
1649,1,0
1650,1,0
1651,2,0
1652,1,0
1653,4,1
1654,1,0
1655,2,0
1656,1,1
1657,0,1
1658,1,1
1659,2,0
1660,2,0
1661,2,0
1662,2,1
1663,1,0
1664,3,0
1665,1,1
1666,1,0
1667,4,1
1668,4,0
1669,0,0
1670,0,0
1671,3,0
1672,1,1
1673,1,4
1674,1,1
1675,1,0
1676,2,0
1677,1,1
1678,0,0
1679,3,1
1680,3,1
1681,1,0
1682,1,1
1683,2,0
1684,2,1
1685,2,0
1686,0,4
1687,4,0
1688,1,1
1689,1,0
1690,1,0
1691,1,0
1692,1,0
1693,4,0
1694,1,0
1695,1,0
1696,1,0
1697,2,2
1698,1,0
1699,3,0
1700,1,0
1701,1,0
1702,2,1
1703,2,0
1704,2,1
1705,1,2
1706,1,2
1707,4,1
1708,2,0
1709,1,0
1710,8,1
1711,0,0
1712,1,1
1713,0,0
1714,1,0
1715,1,0
1716,1,1
1717,3,0
1718,1,0
1719,2,1
1720,1,0
1721,2,0
1722,3,0
1723,1,1
1724,1,0
1725,1,2
1726,2,0
1727,2,3
1728,4,0
1729,2,2
1730,1,0
1731,0,0
1732,1,0
1733,3,1
1734,1,1
1735,1,1
1736,1,0
1737,1,1
1738,1,0
1739,1,0
1740,1,0
1741,1,0
1742,1,2
1743,1,0
1744,0,2
1745,1,0
1746,1,2
1747,1,0
1748,1,1
1749,1,0
1750,1,1
1751,1,1
1752,1,2
1753,3,1
1754,2,0
1755,1,0
1756,1,1
1757,3,0
1758,1,0
1759,2,1
1760,2,3
1761,1,0
1762,1,0
1763,4,0
1764,3,0
1765,2,0
1766,1,1
1767,0,2
1768,1,0
1769,2,1
1770,1,1
1771,3,0
1772,1,0
1773,1,0
1774,3,0
1775,3,0
1776,1,0
1777,2,1
1778,2,0
1779,0,0
1780,5,0
1781,1,0
1782,0,0
1783,0,0
1784,0,1
1785,1,1
1786,1,0
1787,1,0
1788,1,1
1789,1,0
1790,2,1
1791,2,0
1792,1,2
1793,2,0
1794,1,0
1795,1,0
1796,1,0
1797,3,0
1798,1,0
1799,1,1
1800,1,0
1801,3,0
1802,3,1
1803,1,0
1804,3,0
1805,3,0
1806,1,0
1807,2,0
1808,1,0
1809,1,0
1810,2,0
1811,2,0
1812,1,0
1813,2,0
1814,0,1
1815,3,0
1816,2,0
1817,1,0
1818,2,0
1819,3,0
1820,1,0
1821,2,0
1822,2,0
1823,2,0
1824,2,0
1825,1,0
1826,1,0
1827,2,0
1828,2,0
1829,1,2
1830,1,0
1831,2,0
1832,1,0
1833,0,0
1834,1,1
1835,2,0
1836,1,1
1837,1,0
1838,4,0
1839,1,1
1840,1,0
1841,1,0
1842,0,0
1843,1,0
1844,3,0
1845,3,0
1846,1,0
1847,1,0
1848,1,0
1849,1,0
1850,1,0
1851,1,0
1852,4,0
1853,2,0
1854,2,1
1855,3,0
1856,2,0
1857,1,0
1858,3,1
1859,2,0
1860,3,0
1861,1,1
1862,1,0
1863,2,0
1864,2,0
1865,3,0
1866,2,0
1867,1,0
1868,0,0
1869,2,1
1870,3,2
1871,2,0
1872,1,2
1873,3,1
1874,4,0
1875,4,0
1876,2,1
1877,2,0
1878,0,2
1879,2,0
1880,2,0
1881,2,0
1882,3,0
1883,1,0
1884,1,1
1885,1,0
1886,1,4
1887,1,1
1888,1,0
1889,1,1
1890,1,1
1891,1,2
1892,2,1
1893,1,0
1894,1,1
1895,1,2
1896,1,1
1897,1,1
1898,1,0
1899,1,0
1900,1,2
1901,0,1
1902,1,0
1903,2,0
1904,1,4
1905,2,0
1906,1,1
1907,1,1
1908,1,2
1909,0,0
1910,3,0
1911,1,1
1912,1,0
1913,2,0
1914,1,1
1915,1,0
1916,1,1
1917,2,0
1918,1,0
1919,1,2
1920,1,0
1921,1,0
1922,1,0
1923,1,0
1924,1,1
1925,1,1
1926,2,0
1927,1,0
1928,1,1
1929,1,1
1930,2,0
1931,1,0
1932,1,0
1933,1,0
1934,1,0
1935,1,1
1936,1,0
1937,1,1
1938,1,0
1939,0,0
1940,1,1
1941,1,1
1942,1,1
1943,2,0
1944,1,0
1945,2,0
1946,1,0
1947,1,0
1948,2,0
1949,1,1
1950,2,0
1951,3,0
1952,1,0
1953,1,0
1954,1,0
1955,1,0
1956,3,0
1957,1,0
1958,1,4
1959,0,1
1960,2,0
1961,3,0
1962,1,0
1963,2,1
1964,1,0
1965,1,0
1966,1,0
1967,2,0
1968,1,1
1969,1,0
1970,2,3
1971,1,0
1972,1,0
1973,1,1
1974,1,0
1975,0,1
1976,1,2
1977,1,0
1978,2,0
1979,1,0
1980,2,2
1981,1,0
1982,3,1
1983,3,1
1984,1,0
1985,1,0
1986,1,1
1987,0,0
1988,2,2
1989,0,0
1990,1,1
1991,2,1
1992,1,0
1993,1,0
1994,4,0
1995,1,0
1996,2,0
1997,2,0
1998,1,0
1999,1,0
2000,1,0
2001,1,1
2002,3,0
2003,1,0
2004,1,0
2005,1,0
2006,1,0
2007,1,0
2008,1,0
2009,1,0
2010,2,1
2011,1,0
2012,1,3
2013,3,0
2014,1,0
2015,1,0
2016,1,0
2017,3,0
2018,1,0
2019,2,1
2020,2,0
2021,2,0
2022,2,0
2023,2,0
2024,3,0
2025,1,0
2026,1,0
2027,1,0
2028,2,0
2029,1,0
2030,4,0
2031,1,0
2032,6,0
2033,1,2
2034,2,0
2035,2,0
2036,2,0
2037,1,0
2038,3,0
2039,2,0
2040,1,0
2041,1,0
2042,3,1
2043,2,0
2044,3,0
2045,1,0
2046,0,0
2047,1,1
2048,2,0
2049,2,0
2050,2,1
2051,2,3
2052,1,0
2053,0,0
2054,1,1
2055,2,0
2056,1,0
2057,1,0
2058,0,0
2059,1,0
2060,1,0
2061,2,2
2062,1,0
2063,2,1
2064,1,0
2065,0,0
2066,2,0
2067,2,0
2068,1,0
2069,2,0
2070,1,0
2071,1,0
2072,1,0
2073,3,0
2074,2,0
2075,1,0
2076,2,1
2077,1,0
2078,1,0
2079,2,1
2080,1,0
2081,1,0
2082,2,0
2083,1,0
2084,1,0
2085,2,0
2086,2,1
2087,3,1
2088,2,0
2089,5,1
2090,2,0
2091,1,0
2092,2,1
2093,3,0
2094,1,1
2095,0,0
2096,0,0
2097,0,0
2098,1,0
2099,1,0
2100,1,0
2101,2,0
2102,1,1
2103,2,1
2104,2,0
2105,0,0
2106,1,2
2107,1,1
2108,1,3
2109,2,0
2110,2,1
2111,1,1
2112,2,1
2113,1,0
2114,2,0
2115,1,0
2116,2,0
2117,1,1
2118,1,0
2119,1,0
2120,1,0
2121,1,0
2122,1,0
2123,2,0
2124,1,0
2125,2,2
2126,1,0
2127,2,0
2128,1,0
2129,1,1
2130,1,1
2131,0,0
2132,1,1
2133,1,1
2134,0,2
2135,2,1
2136,1,0
2137,1,0
2138,1,1
2139,1,0
2140,1,0
2141,2,0
2142,4,0
2143,4,0
2144,2,0
2145,2,0
2146,1,0
2147,1,1
2148,1,0
2149,1,0
2150,0,0
2151,1,0
2152,2,0
2153,0,0
2154,2,0
2155,1,2
2156,1,1
2157,2,0
2158,1,0
2159,1,0
2160,1,0
2161,1,1
2162,2,1
2163,1,1
2164,0,0
2165,1,0
2166,1,0
2167,1,0
2168,1,0
2169,0,1
2170,1,0
2171,1,1
2172,1,1
2173,1,0
2174,0,0
2175,1,0
2176,2,1
2177,2,0
2178,2,0
2179,0,0
2180,1,1
2181,1,0
2182,1,0
2183,1,0
2184,1,0
2185,2,0
2186,1,0
2187,1,1
2188,1,1
2189,1,0
2190,1,0
2191,2,0
2192,2,0
2193,1,0
2194,2,0
2195,1,1
2196,2,1
2197,0,1
2198,1,0
2199,0,0
2200,3,1
2201,1,0
2202,2,1
2203,2,0
2204,1,1
2205,1,1
2206,1,1
2207,1,0
2208,1,0
2209,1,0
2210,1,0
2211,0,0
2212,1,0
2213,2,0
2214,1,0
2215,0,0
2216,1,2
2217,1,0
2218,0,0
2219,1,0
2220,0,0
2221,0,0
2222,2,2
2223,1,0
2224,0,0
2225,1,0
2226,0,2
2227,1,0
2228,1,3
2229,3,6
2230,1,1
2231,0,0
2232,2,0
2233,2,0
2234,0,1
2235,2,0
2236,1,0
2237,2,1
2238,1,1
2239,1,1
2240,0,0
2241,1,6
2242,0,1
2243,1,2
2244,1,0
2245,1,0
2246,2,0
2247,1,0
2248,2,0
2249,1,0
2250,1,2
2251,2,0
2252,1,0
2253,3,0
2254,1,1
2255,2,0
2256,1,0
2257,2,1
2258,1,0
2259,1,0
2260,2,3
2261,1,0
2262,0,0
2263,2,0
2264,2,0
2265,3,2
2266,1,1
2267,3,0
2268,1,0
2269,2,1
2270,1,1
2271,1,0
2272,1,0
2273,1,0
2274,3,0
2275,1,1
2276,1,1
2277,1,0
2278,4,0
2279,1,0
2280,1,0
2281,1,1
2282,1,1
2283,1,2
2284,1,0
2285,1,0
2286,1,1
2287,1,0
2288,1,3
2289,1,0
2290,1,0
2291,2,1
2292,1,2
2293,1,0
2294,1,0
2295,1,0
2296,1,1
2297,2,0
2298,1,1
2299,2,0
2300,3,0
2301,1,0
2302,2,1
2303,4,0
2304,2,1
2305,2,1
2306,8,0
2307,1,0
2308,1,1
2309,2,1
2310,2,0
2311,1,1
2312,1,0
2313,1,0
2314,3,1
2315,1,0
2316,3,0
2317,2,0
2318,1,0
2319,2,0
2320,1,1
2321,5,3
2322,6,0
2323,5,1
2324,2,0
2325,6,0
2326,1,0
2327,1,0
2328,1,1
2329,2,0
2330,4,0
2331,2,1
2332,1,2
2333,4,0
2334,2,0
2335,1,1
2336,4,1
2337,4,2
2338,1,1
2339,2,0
2340,3,0
2341,1,0
2342,1,0
2343,1,1
2344,1,1
2345,2,0
2346,0,0
2347,1,0
2348,1,0
2349,1,0
2350,1,0
2351,1,3
2352,1,0
2353,2,1
2354,1,1
2355,1,2
2356,1,3
2357,0,3
2358,1,0
2359,2,1
2360,1,2
2361,0,0
2362,3,0
2363,1,0
2364,1,0
2365,0,0
2366,0,3
2367,1,1
2368,1,1
2369,1,0
2370,1,1
2371,2,0
2372,1,0
2373,1,0
2374,1,2
2375,1,5
2376,0,0
2377,1,0
2378,0,0
2379,2,0
2380,1,0
2381,0,0
2382,2,0
2383,1,0
2384,2,1
2385,1,0
2386,1,1
2387,2,0
2388,1,0
2389,2,0
2390,2,0
2391,2,1
2392,1,1
2393,3,3
2394,1,3
2395,3,0
2396,1,0
2397,3,0
2398,1,0
2399,3,0
2400,1,0
2401,0,0
2402,2,0
2403,1,0
2404,2,0
2405,1,0
2406,1,0
2407,1,0
2408,1,0
2409,0,1
2410,0,0
2411,1,0
2412,1,0
2413,4,0
2414,2,0
2415,2,0
2416,1,1
2417,2,0
2418,2,1
2419,3,0
2420,2,0
2421,1,1
2422,2,0
2423,1,1
2424,3,2
2425,1,0
2426,1,0
2427,1,0
2428,1,1
2429,0,0
2430,1,2
2431,2,1
2432,2,2
2433,1,2
2434,1,0
2435,3,0
2436,4,1
2437,2,1
2438,0,0
2439,1,0
2440,1,0
2441,2,0
2442,1,0
2443,3,2
2444,1,0
2445,1,0
2446,1,1
2447,3,0
2448,3,1
2449,1,2
2450,1,1
2451,1,1
2452,0,1
2453,0,1
2454,2,1
2455,1,1
2456,3,1
2457,2,0
2458,2,1
2459,1,1
2460,2,0
2461,1,2
2462,1,0
2463,1,0
2464,1,0
2465,1,0
2466,1,0
2467,1,0
2468,0,0
2469,0,0
2470,1,0
2471,2,0
2472,1,0
2473,0,0
2474,0,0
2475,1,1
2476,0,0
2477,1,1
2478,1,2
2479,2,0
2480,1,1
2481,2,0
2482,1,1
2483,0,0
2484,0,0
2485,1,2
2486,2,1
2487,3,0
2488,3,0
2489,1,0
2490,1,0
2491,2,0
2492,2,0
2493,1,0
2494,1,1
2495,1,0
2496,2,0
2497,0,0
2498,1,0
2499,1,0
2500,1,1
2501,1,0
2502,0,1
2503,2,1
2504,1,0
2505,1,1
2506,1,0
2507,1,0
2508,3,1
2509,3,1
2510,2,0
2511,1,0
2512,2,2
2513,0,0
2514,2,1
2515,0,1
2516,2,0
2517,1,0
2518,2,0
2519,2,0
2520,1,0
2521,1,0
2522,1,0
2523,1,0
2524,2,1
2525,1,0
2526,2,2
2527,0,0
2528,0,0
2529,0,0
2530,1,0
2531,0,0
2532,1,1
2533,1,0
2534,0,0
2535,1,0
2536,1,0
2537,1,1
2538,3,1
2539,1,4
2540,0,0
2541,1,6
2542,1,2
2543,1,3
2544,1,0
2545,3,1
2546,1,1
2547,0,1
2548,0,1
2549,0,0
2550,1,0
2551,1,1
2552,2,0
2553,0,0
2554,0,0
2555,1,0
2556,1,0
2557,0,0
2558,1,0
2559,2,0
2560,1,0
2561,1,0
2562,1,2
2563,1,1
2564,2,0
2565,3,0
2566,1,0
2567,2,0
2568,1,0
2569,1,2
2570,2,0
2571,2,0
2572,1,0
2573,1,0
2574,4,0
2575,3,0
2576,5,1
2577,1,2
2578,1,0
2579,2,0
2580,1,0
2581,1,0
2582,2,0
2583,1,1
2584,0,0
2585,1,1
2586,3,1
2587,2,0
2588,1,0
2589,1,0
2590,0,0
2591,1,1
2592,1,1
2593,1,0
2594,2,1
2595,1,0
2596,1,0
2597,2,2
2598,1,0
2599,3,0
2600,1,0
2601,2,0
2602,2,0
2603,1,1
2604,0,0
2605,1,0
2606,0,1
2607,0,0
2608,1,0
2609,1,1
2610,4,0
2611,1,0
2612,2,1
2613,1,0
2614,0,0
2615,1,0
2616,4,0
2617,2,0
2618,0,0
2619,1,0
2620,1,0
2621,2,0
2622,3,1
2623,1,1
2624,0,1
2625,3,0
2626,2,1
2627,1,1
2628,1,0
2629,1,1
2630,1,2
2631,1,0
2632,2,0
2633,1,0
2634,1,1
2635,2,0
2636,2,1
2637,1,0
2638,1,1
2639,2,0
2640,1,1
2641,1,2
2642,2,0
2643,1,0
2644,1,2
2645,2,4
2646,1,0
2647,2,2
2648,2,2
2649,1,0
2650,1,0
2651,1,1
2652,1,0
2653,2,0
2654,1,0
2655,1,0
2656,2,0
2657,2,0
2658,2,1
2659,1,0
2660,1,1
2661,2,1
2662,1,0
2663,0,0
2664,2,0
2665,1,0
2666,2,0
2667,2,0
2668,1,1
2669,1,0
2670,1,0
2671,1,0
2672,2,0
2673,1,0
2674,2,0
2675,1,1
2676,0,2
2677,2,0
2678,0,2
2679,1,0
2680,1,0
2681,1,0
2682,1,0
2683,1,1
2684,2,1
2685,1,1
2686,2,1
2687,1,0
2688,0,3
2689,2,0
2690,1,1
2691,1,0
2692,2,1
2693,1,0
2694,1,1
2695,2,1
2696,1,0
2697,0,4
2698,1,0
2699,1,2
2700,2,1
2701,2,1
2702,1,0
2703,1,0
2704,1,0
2705,1,0
2706,1,1
2707,1,2
2708,0,3
2709,1,1
2710,4,1
2711,1,0
2712,1,0
2713,1,0
2714,1,0
2715,1,0
2716,1,0
2717,1,0
2718,0,0
2719,1,0
2720,1,1
2721,1,2
2722,1,0
2723,1,1
2724,2,0
2725,1,0
2726,0,0
2727,1,2
2728,2,0
2729,0,0
2730,2,0
2731,1,0
2732,2,0
2733,1,0
2734,2,1
2735,1,0
2736,4,0
2737,1,2
2738,3,0
2739,1,0
2740,1,0
2741,1,0
2742,2,0
2743,1,2
2744,2,0
2745,2,1
2746,1,0
2747,1,1
2748,1,2
2749,1,0
2750,1,1
2751,1,0
2752,2,0
2753,1,0
2754,1,0
2755,0,0
2756,1,0
2757,5,1
2758,2,0
2759,2,0
2760,3,0
2761,2,0
2762,1,1
2763,1,0
2764,1,0
2765,3,0
2766,2,0
2767,1,1
2768,1,0
2769,1,0
2770,4,0
2771,5,0
2772,1,4
2773,1,1
2774,0,1
2775,2,1
2776,3,0
2777,1,0
2778,2,0
2779,1,0
2780,1,2
2781,2,0
2782,1,0
2783,1,1
2784,3,0
2785,1,0
2786,1,0
2787,2,0
2788,1,1
2789,1,0
2790,1,3
2791,3,1
2792,1,0
2793,1,1
2794,1,0
2795,1,1
2796,0,0
2797,0,3
2798,1,0
2799,3,0
2800,1,0
2801,1,0
2802,2,1
2803,1,1
2804,1,0
2805,4,0
2806,2,1
2807,1,0
2808,1,0
2809,1,0
2810,2,0
2811,2,0
2812,2,0
2813,2,0
2814,1,1
2815,1,0
2816,2,0
2817,1,0
2818,1,0
2819,2,0
2820,1,0
2821,1,0
2822,1,0
2823,1,0
2824,1,0
2825,4,0
2826,3,0
2827,3,0
2828,1,0
2829,1,0
2830,3,0
2831,2,0
2832,1,1
2833,2,0
2834,1,2
2835,1,0
2836,1,0
2837,3,1
2838,1,0
2839,1,0
2840,1,0
2841,1,0
2842,1,0
2843,1,0
2844,1,0
2845,1,1
2846,1,1
2847,1,0
2848,1,0
2849,1,1
2850,0,2
2851,1,0
2852,0,1
2853,2,0
2854,1,1
2855,1,1
2856,2,0
2857,2,1
2858,1,1
2859,1,1
2860,3,1
2861,1,0
2862,1,0
2863,2,0
2864,2,1
2865,1,0
2866,1,1
2867,6,1
2868,1,0
2869,1,0
2870,1,0
2871,3,0
2872,1,1
2873,3,0
2874,3,0
2875,3,0
2876,4,0
2877,2,0
2878,1,1
2879,1,0
2880,2,0
2881,3,0
2882,2,2
2883,2,0
2884,1,0
2885,1,1
2886,1,0
2887,1,0
2888,1,0
2889,2,1
2890,1,0
2891,1,0
2892,2,0
2893,1,1
2894,1,0
2895,2,0
2896,3,0
2897,2,0
2898,1,0
2899,1,2
2900,1,0
2901,1,0
2902,2,0
2903,4,0
2904,1,0
2905,2,0
2906,2,0
2907,2,1
2908,1,0
2909,1,0
2910,1,0
2911,5,1
2912,2,1
2913,1,1
2914,4,0
2915,4,0
2916,1,1
2917,2,0
2918,2,0
2919,2,1
2920,1,0
2921,1,0
2922,1,0
2923,1,0
2924,0,0
2925,1,1
2926,1,1
2927,1,0
2928,0,0
2929,3,0
2930,1,0
2931,2,0
2932,2,0
2933,1,1
2934,3,0
2935,2,0
2936,4,0
2937,2,0
2938,2,0
2939,1,0
2940,3,1
2941,2,0
2942,2,0
2943,3,0
2944,1,0
2945,4,0
2946,7,2
2947,3,1
2948,2,0
2949,1,0
2950,1,1
2951,4,0
2952,1,0
2953,1,0
2954,4,0
2955,1,0
2956,0,0
2957,3,0
2958,1,1
2959,4,0
2960,1,1
2961,3,0
2962,3,1
2963,1,0
2964,1,0
2965,1,0
2966,1,0
2967,2,0
2968,2,0
2969,0,1
2970,2,0
2971,4,0
2972,2,1
2973,0,2
2974,0,3
2975,1,0
2976,4,0
2977,3,0
2978,1,1
2979,5,0
2980,1,0
2981,3,0
2982,1,0
2983,3,0
2984,3,0
2985,1,2
2986,3,1
2987,1,0
2988,2,0
2989,2,0
2990,1,3
2991,1,1
2992,1,0
2993,5,0
2994,4,0
2995,1,1
2996,1,0
2997,1,0
2998,1,0
2999,1,0
3000,1,0
3001,1,0
3002,1,0
3003,1,0
3004,1,0
3005,1,0
3006,1,0
3007,1,0
3008,1,0
3009,1,0
3010,1,0
3011,1,0
3012,2,0
3013,1,0
3014,1,1
3015,1,0
3016,1,0
3017,0,0
3018,3,1
3019,1,1
3020,1,1
3021,2,1
3022,1,0
3023,1,2
3024,0,0
3025,1,1
3026,1,0
3027,1,2
3028,0,1
3029,2,1
3030,0,1
3031,1,0
3032,1,0
3033,1,1
3034,1,0
3035,4,2
3036,1,4
3037,1,1
3038,0,2
3039,1,0
3040,2,1
3041,2,0
3042,3,0
3043,2,0
3044,1,0
3045,1,0
3046,1,0
3047,1,2
3048,2,1
3049,1,0
3050,1,0
3051,1,0
3052,1,0
3053,2,0
3054,1,0
3055,2,0
3056,3,0
3057,1,0
3058,1,0
3059,2,0
3060,1,1
3061,2,0
3062,1,0
3063,1,0
3064,1,1
3065,2,0
3066,1,0
3067,1,1
3068,1,0
3069,1,2
3070,1,0
3071,1,0
3072,1,0
3073,1,1
3074,2,1
3075,1,0
3076,2,1
3077,2,0
3078,1,0
3079,1,0
3080,1,0
3081,1,2
3082,2,0
3083,1,0
3084,1,0
3085,2,0
3086,1,0
3087,2,0
3088,3,1
3089,1,0
3090,2,0
3091,1,1
3092,1,1
3093,2,0
3094,2,0
3095,2,2
3096,1,0
3097,2,2
3098,1,0
3099,2,0
3100,1,0
3101,1,0
3102,1,1
3103,1,1
3104,1,1
3105,1,1
3106,2,2
3107,1,1
3108,2,0
3109,1,2
3110,2,1
3111,1,0
3112,1,0
3113,3,1
3114,1,0
3115,2,0
3116,3,0
3117,2,1
3118,1,1
3119,1,0
3120,1,1
3121,3,3
3122,1,1
3123,1,2
3124,2,0
3125,1,1
3126,0,0
3127,1,1
3128,1,0
3129,2,1
3130,2,0
3131,1,0
3132,2,0
3133,2,0
3134,1,2
3135,1,0
3136,1,1
3137,1,1
3138,1,4
3139,1,2
3140,2,0
3141,2,3
3142,1,0
3143,4,1
3144,5,0
3145,1,0
3146,2,1
3147,2,2
3148,1,0
3149,3,0
3150,1,0
3151,0,0
3152,4,0
3153,1,1
3154,2,1
3155,1,0
3156,2,0
3157,1,1
3158,2,0
3159,1,0
3160,2,0
3161,2,0
3162,1,4
3163,1,0
3164,2,2
3165,3,1
3166,1,0
3167,1,0
3168,2,0
3169,1,1
3170,1,0
3171,1,0
3172,1,2
3173,1,0
3174,1,0
3175,1,0
3176,1,0
3177,1,0
3178,1,0
3179,1,1
3180,3,1
3181,1,0
3182,1,2
3183,3,1
3184,1,0
3185,1,0
3186,2,0
3187,1,0
3188,1,0
3189,0,1
3190,1,0
3191,1,0
3192,1,0
3193,1,0
3194,1,0
3195,1,0
3196,1,0
3197,1,1
3198,1,0
3199,2,1
3200,0,0
3201,1,0
3202,2,0
3203,2,0
3204,1,0
3205,1,0
3206,6,1
3207,1,0
3208,1,0
3209,1,0
3210,1,1
3211,1,0
3212,1,0
3213,1,0
3214,2,0
3215,1,0
3216,1,3
3217,1,1
3218,1,1
3219,1,1
3220,2,0
3221,0,0
3222,1,1
3223,2,0
3224,1,0
3225,2,1
3226,1,1
3227,1,1
3228,2,0
3229,1,0
3230,2,1
3231,0,1
3232,1,0
3233,4,0
3234,1,1
3235,1,0
3236,2,0
3237,3,0
3238,1,0
3239,2,0
3240,1,2
3241,1,1
3242,1,0
3243,1,0
3244,2,1
3245,1,0
3246,1,0
3247,2,0
3248,4,0
3249,1,1
3250,3,0
3251,1,1
3252,3,1
3253,1,0
3254,4,0
3255,1,1
3256,1,0
3257,0,0
3258,1,0
3259,1,0
3260,3,1
3261,1,0
3262,1,0
3263,2,1
3264,0,0
3265,2,0
3266,3,0
3267,1,0
3268,4,1
3269,2,0
3270,2,0
3271,3,0
3272,3,0
3273,1,0
3274,1,1
3275,1,0
3276,1,0
3277,2,0
3278,2,0
3279,2,0
3280,1,0
3281,2,0
3282,2,0
3283,2,0
3284,2,0
3285,1,0
3286,1,0
3287,1,0
3288,1,2
3289,2,0
3290,1,0
3291,1,1
3292,1,1
3293,3,2
3294,3,0
3295,1,1
3296,1,0
3297,1,0
3298,2,0
3299,1,0
3300,1,1
3301,1,1
3302,1,1
3303,2,0
3304,1,0
3305,1,0
3306,1,0
3307,1,0
3308,1,0
3309,1,0
3310,1,0
3311,1,0
3312,1,0
3313,1,0
3314,1,1
3315,5,0
3316,1,0
3317,1,0
3318,1,0
3319,1,0
3320,4,0
3321,1,1
3322,0,0
3323,2,0
3324,2,0
3325,1,0
3326,1,0
3327,1,0
3328,1,1
3329,1,1
3330,4,0
3331,1,1
3332,1,1
3333,3,0
3334,5,0
3335,1,0
3336,3,0
3337,1,0
3338,1,1
3339,1,1
3340,3,2
3341,1,1
3342,5,2
3343,1,0
3344,1,1
3345,3,0
3346,4,2
3347,2,1
3348,2,1
3349,2,2
3350,1,1
3351,2,2
3352,1,1
3353,2,0
3354,1,0
3355,1,0
3356,1,1
3357,4,1
3358,1,0
3359,4,0
3360,4,1
3361,1,0
3362,3,0
3363,1,2
3364,0,1
3365,2,0
3366,1,0
3367,2,0
3368,2,0
3369,1,0
3370,3,0
3371,1,0
3372,1,0
3373,1,0
3374,1,0
3375,1,0
3376,1,1
3377,1,0
3378,3,0
3379,2,1
3380,1,0
3381,1,0
3382,1,0
3383,1,1
3384,1,0
3385,2,0
3386,2,1
3387,1,0
3388,9,0
3389,4,4
3390,0,0
3391,2,0
3392,3,0
3393,1,0
3394,9,0
3395,1,0
3396,2,0
3397,3,0
3398,1,1
3399,2,1
3400,1,0
3401,2,1
3402,2,2
3403,2,3
3404,1,0
3405,2,1
3406,1,0
3407,1,0
3408,1,0
3409,1,0
3410,2,1
3411,2,1
3412,0,0
3413,1,0
3414,1,0
3415,1,0
3416,1,1
3417,1,2
3418,1,0
3419,2,0
3420,3,1
3421,2,0
3422,2,0
3423,1,0
3424,2,0
3425,4,1
3426,1,0
3427,1,0
3428,2,0
3429,2,1
3430,3,0
3431,1,0
3432,3,0
3433,1,1
3434,1,0
3435,1,1
3436,8,1
3437,3,0
3438,1,0
3439,2,0
3440,1,0
3441,1,0
3442,1,0
3443,5,4
3444,1,0
3445,1,0
3446,3,0
3447,1,0
3448,1,0
3449,1,0
3450,1,0
3451,0,0
3452,2,1
3453,1,0
3454,2,0
3455,2,0
3456,1,0
3457,2,0
3458,3,0
3459,1,1
3460,2,0
3461,3,0
3462,2,0
3463,3,1
3464,3,0
3465,3,0
3466,2,0
3467,1,0
3468,2,0
3469,1,0
3470,1,0
3471,1,0
3472,3,0
3473,2,0
3474,1,1
3475,6,0
3476,1,0
3477,1,0
3478,1,0
3479,1,0
3480,1,1
3481,2,0
3482,2,0
3483,1,1
3484,1,0
3485,0,0
3486,1,1
3487,1,1
3488,2,0
3489,1,1
3490,1,0
3491,2,0
3492,1,0
3493,2,0
3494,2,0
3495,1,0
3496,2,0
3497,1,1
3498,2,0
3499,0,1
3500,1,1
3501,3,0
3502,3,1
3503,4,9
3504,1,0
3505,1,0
3506,1,0
3507,1,0
3508,1,0
3509,1,0
3510,1,1
3511,2,1
3512,1,0
3513,1,0
3514,1,1
3515,1,0
3516,3,1
3517,2,0
3518,2,0
3519,1,0
3520,2,0
3521,1,0
3522,1,1
3523,1,0
3524,0,0
3525,2,0
3526,1,0
3527,2,0
3528,2,2
3529,3,0
3530,3,1
3531,2,0
3532,2,0
3533,1,0
3534,2,1
3535,2,1
3536,1,0
3537,2,0
3538,1,0
3539,1,1
3540,1,0
3541,3,0
3542,2,1
3543,3,1
3544,1,3
3545,2,1
3546,2,0
3547,3,0
3548,3,1
3549,6,0
3550,4,0
3551,5,0
3552,2,1
3553,4,0
3554,1,0
3555,1,0
3556,4,0
3557,2,0
3558,2,0
3559,3,1
3560,4,0
3561,1,0
3562,2,0
3563,2,0
3564,3,2
3565,1,1
3566,2,0
3567,2,1
3568,3,0
3569,1,0
3570,3,1
3571,2,1
3572,1,0
3573,2,0
3574,1,1
3575,2,0
3576,2,0
3577,3,0
3578,2,0
3579,2,0
3580,1,0
3581,3,0
3582,1,1
3583,1,0
3584,3,0
3585,3,0
3586,3,0
3587,1,0
3588,2,1
3589,2,0
3590,1,0
3591,1,0
3592,2,0
3593,1,0
3594,3,1
3595,1,0
3596,2,0
3597,1,1
3598,2,1
3599,2,0
3600,2,1
3601,2,0
3602,1,0
3603,3,0
3604,1,0
3605,2,0
3606,2,0
3607,2,2
3608,1,0
3609,2,1
3610,4,0
3611,3,0
3612,3,0
3613,4,0
3614,3,0
3615,2,0
3616,2,0
3617,2,1
3618,2,0
3619,1,1
3620,1,1
3621,4,1
3622,2,2
3623,4,0
3624,2,0
3625,3,0
3626,3,0
3627,2,0
3628,5,0
3629,3,2
3630,3,1
3631,3,0
3632,2,0
3633,3,0
3634,3,0
3635,5,1
3636,4,0
3637,4,0
3638,2,1
3639,2,0
3640,2,0
3641,3,0
3642,2,0
3643,3,1
3644,4,0
3645,3,0
3646,1,0
3647,2,0
3648,2,0
3649,3,0
3650,2,0
3651,3,0
3652,3,0
3653,2,0
3654,2,1
3655,3,0
3656,3,3
3657,4,0
3658,4,0
3659,2,0
3660,4,0
3661,3,2
3662,2,1
3663,5,0
3664,3,0
3665,3,1
3666,1,1
3667,4,0
3668,3,0
3669,1,0
3670,2,0
3671,3,0
3672,4,1
3673,3,1
3674,2,0
3675,1,0
3676,2,1
3677,5,0
3678,1,0
3679,2,0
3680,2,0
3681,1,2
3682,3,0
3683,2,2
3684,2,0
3685,1,0
3686,2,1
3687,3,1
3688,4,0
3689,5,1
3690,2,2
3691,2,0
3692,2,0
3693,3,0
3694,2,1
3695,1,0
3696,3,1
3697,1,0
3698,2,0
3699,1,1
3700,1,0
3701,2,0
3702,1,0
3703,1,0
3704,1,0
3705,1,0
3706,1,1
3707,3,0
3708,1,0
3709,2,0
3710,1,0
3711,1,0
3712,2,0
3713,2,0
3714,2,0
3715,1,0
3716,5,2
3717,4,1
3718,1,1
3719,3,0
3720,3,0
3721,2,0
3722,0,0
3723,1,1
3724,2,0
3725,1,0
3726,1,0
3727,1,0
3728,1,0
3729,1,0
3730,1,0
3731,2,2
3732,2,0
3733,2,0
3734,1,0
3735,1,3
3736,1,0
3737,1,0
3738,1,2
3739,2,0
3740,2,1
3741,0,0
3742,1,0
3743,3,0
3744,2,0
3745,3,0
3746,1,0
3747,1,0
3748,0,0
3749,1,0
3750,1,0
3751,1,0
3752,1,0
3753,1,0
3754,2,0
3755,1,0
3756,1,0
3757,1,0
3758,1,0
3759,1,0
3760,2,0
3761,3,0
3762,2,0
3763,1,0
3764,1,0
3765,2,0
3766,1,0
3767,1,0
3768,1,2
3769,3,0
3770,0,0
3771,1,1
3772,1,1
3773,1,0
3774,1,0
3775,1,0
3776,1,0
3777,1,0
3778,1,0
3779,2,1
3780,2,0
3781,1,2
3782,1,0
3783,1,0
3784,2,3
3785,2,1
3786,5,0
3787,2,1
3788,1,0
3789,2,0
3790,2,1
3791,2,1
3792,1,1
3793,1,1
3794,0,0
3795,1,1
3796,3,1
3797,1,0
3798,1,0
3799,1,0
3800,2,0
3801,1,0
3802,3,0
3803,1,0
3804,1,0
3805,4,0
3806,1,0
3807,2,0
3808,1,0
3809,2,0
3810,1,0
3811,3,0
3812,2,1
3813,3,0
3814,1,0
3815,4,1
3816,3,1
3817,1,1
3818,1,0
3819,4,0
3820,3,0
3821,3,0
3822,1,0
3823,1,0
3824,1,0
3825,3,0
3826,4,1
3827,1,0
3828,1,2
3829,2,0
3830,4,0
3831,1,0
3832,2,0
3833,4,0
3834,1,0
3835,4,0
3836,1,0
3837,1,0
3838,2,0
3839,2,0
3840,2,0
3841,3,0
3842,1,0
3843,2,0
3844,1,0
3845,2,0
3846,1,0
3847,2,0
3848,4,0
3849,1,0
3850,4,0
3851,3,2
3852,2,0
3853,1,0
3854,1,0
3855,1,0
3856,0,0
3857,2,0
3858,3,0
3859,4,0
3860,2,0
3861,2,1
3862,1,0
3863,2,0
3864,4,0
3865,1,1
3866,2,0
3867,2,0
3868,2,0
3869,1,0
3870,2,0
3871,1,0
3872,2,1
3873,2,0
3874,3,0
3875,1,0
3876,2,0
3877,2,0
3878,2,0
3879,2,0
3880,1,1
3881,1,0